一分一段表：
750 0 0
749 0 0
748 0 0
747 0 0
746 0 0
745 0 0
744 0 0
743 0 0
742 0 0
741 0 0
740 0 0
739 0 0
738 0 0
737 0 0
736 1 1
735 0 1
734 0 1
733 0 1
732 0 1
731 0 1
730 0 1
729 0 1
728 0 1
727 0 1
726 0 1
725 0 1
724 0 1
723 0 1
722 0 1
721 0 1
720 0 1
719 0 1
718 1 2
717 2 4
716 0 4
715 0 4
714 0 4
713 0 4
712 0 4
711 1 5
710 0 5
709 0 5
708 0 5
707 0 5
706 0 5
705 0 5
704 0 5
703 0 5
702 0 5
701 0 5
700 0 5
699 0 5
698 0 5
697 0 5
696 0 5
695 0 5
694 0 5
693 0 5
692 0 5
691 0 5
690 0 5
689 0 5
688 1 6
687 0 6
686 0 6
685 0 6
684 1 7
683 0 7
682 0 7
681 0 7
680 1 8
679 0 8
678 0 8
677 0 8
676 0 8
675 1 9
674 1 10
673 0 10
672 0 10
671 0 10
670 0 10
669 0 10
668 0 10
667 1 11
666 0 11
665 1 12
664 1 13
663 2 15
662 2 17
661 1 18
660 0 18
659 1 19
658 1 20
657 0 20
656 2 22
655 2 24
654 1 25
653 0 25
652 1 26
651 2 28
650 0 28
649 1 29
648 0 29
647 0 29
646 1 30
645 1 31
644 0 31
643 0 31
642 1 32
641 2 34
640 1 35
639 0 35
638 1 36
637 1 37
636 0 37
635 0 37
634 2 39
633 1 40
632 2 42
631 1 43
630 2 45
629 1 46
628 1 47
627 0 47
626 0 47
625 0 47
624 0 47
623 0 47
622 3 50
621 2 52
620 3 55
619 1 56
618 2 58
617 1 59
616 0 59
615 0 59
614 0 59
613 0 59
612 0 59
611 0 59
610 0 59
609 1 60
608 0 60
607 0 60
606 1 61
605 0 61
604 0 61
603 0 61
602 0 61
601 0 61
600 1 62
599 0 62
598 0 62
597 0 62
596 0 62
595 0 62
594 0 62
593 0 62
592 0 62
591 0 62
590 0 62
589 0 62
588 0 62
587 0 62
586 0 62
585 0 62
584 0 62
583 0 62
582 0 62
581 0 62
580 0 62
579 1 63
578 0 63
577 0 63
576 0 63
575 0 63
574 0 63
573 1 64
572 0 64
571 0 64
570 1 65
569 0 65
568 0 65
567 0 65
566 0 65
565 0 65
564 0 65
563 0 65
562 0 65
561 0 65
560 0 65
559 0 65
558 3 68
557 0 68
556 0 68
555 0 68
554 2 70
553 0 70
552 1 71
551 1 72
550 0 72
549 0 72
548 1 73
547 0 73
546 0 73
545 0 73
544 1 74
543 0 74
542 2 76
541 0 76
540 1 77
539 0 77
538 0 77
537 0 77
536 0 77
535 2 79
534 4 83
533 0 83
532 1 84
531 0 84
530 1 85
529 1 86
528 0 86
527 0 86
526 2 88
525 0 88
524 0 88
523 3 91
522 2 93
521 1 94
520 2 96
519 0 96
518 1 97
517 0 97
516 2 99
515 1 100
514 0 100
513 1 101
512 2 103
511 0 103
510 1 104
509 0 104
508 1 105
507 1 106
506 0 106
505 1 107
504 0 107
503 3 110
502 0 110
501 1 111
500 2 113
499 0 113
498 1 114
497 1 115
496 1 116
495 1 117
494 0 117
493 1 118
492 0 118
491 0 118
490 1 119
489 1 120
488 1 121
487 1 122
486 1 123
485 1 124
484 1 125
483 2 127
482 1 128
481 1 129
480 2 131
479 1 132
478 0 132
477 1 133
476 1 134
475 1 135
474 1 136
473 3 139
472 0 139
471 1 140
470 0 140
469 1 141
468 3 144
467 0 144
466 2 146
465 2 148
464 0 148
463 0 148
462 0 148
461 1 149
460 0 149
459 2 151
458 1 152
457 0 152
456 2 154
455 0 154
454 2 156
453 0 156
452 0 156
451 0 156
450 0 156
449 1 157
448 1 158
447 0 158
446 0 158
445 1 159
444 0 159
443 0 159
442 1 160
441 0 160
440 0 160
439 1 161
438 0 161
437 0 161
436 0 161
435 0 161
434 0 161
433 0 161
432 1 162
431 0 162
430 0 162
429 0 162
428 0 162
427 0 162
426 0 162
425 1 163
424 0 163
423 0 163
422 0 163
421 0 163
420 0 163
419 0 163
418 0 163
417 0 163
416 0 163
415 1 164
414 0 164
413 0 164
412 0 164
411 0 164
410 0 164
409 0 164
408 0 164
407 0 164
406 0 164
405 0 164
404 0 164
403 0 164
402 1 165
401 0 165
400 0 165
399 0 165
398 0 165
397 0 165
396 0 165
395 0 165
394 0 165
393 0 165
392 0 165
391 0 165
390 0 165
389 0 165
388 0 165
387 0 165
386 0 165
385 0 165
384 0 165
383 0 165
382 0 165
381 0 165
380 0 165
379 0 165
378 1 166
377 0 166
376 0 166
375 0 166
374 0 166
373 0 166
372 0 166
371 0 166
370 0 166
369 0 166
368 0 166
367 0 166
366 0 166
365 0 166
364 0 166
363 0 166
362 0 166
361 0 166
360 0 166
359 0 166
358 0 166
357 1 167
356 0 167
355 1 168
354 0 168
353 0 168
352 0 168
351 0 168
350 1 169
349 0 169
348 0 169
347 0 169
346 0 169
345 0 169
344 1 170
343 1 171
342 0 171
341 1 172
340 1 173
339 0 173
338 0 173
337 0 173
336 0 173
335 0 173
334 0 173
333 2 175
332 0 175
331 2 177
330 1 178
329 0 178
328 0 178
327 1 179
326 1 180
325 0 180
324 0 180
323 0 180
322 2 182
321 1 183
320 1 184
319 1 185
318 0 185
317 0 185
316 0 185
315 2 187
314 0 187
313 2 189
312 1 190
311 0 190
310 0 190
309 1 191
308 0 191
307 1 192
306 0 192
305 0 192
304 0 192
303 0 192
302 0 192
301 1 193
300 0 193
299 0 193
298 2 195
297 0 195
296 0 195
295 0 195
294 0 195
293 1 196
292 0 196
291 0 196
290 0 196
289 0 196
288 1 197
287 3 200
286 2 202
285 0 202
284 1 203
283 0 203
282 1 204
281 0 204
280 3 207
279 0 207
278 1 208
277 0 208
276 1 209
275 0 209
274 1 210
273 0 210
272 0 210
271 2 212
270 1 213
269 0 213
268 0 213
267 0 213
266 0 213
265 1 214
264 0 214
263 1 215
262 0 215
261 0 215
260 0 215
259 0 215
258 1 216
257 0 216
256 1 217
255 0 217
254 0 217
253 0 217
252 0 217
251 1 218
250 0 218
249 1 219
248 0 219
247 1 220
246 0 220
245 0 220
244 0 220
243 0 220
242 0 220
241 0 220
240 0 220
239 1 221
238 0 221
237 0 221
236 1 222
235 0 222
234 0 222
233 0 222
232 0 222
231 0 222
230 1 223
229 0 223
228 0 223
227 0 223
226 0 223
225 1 224
224 1 225
223 0 225
222 0 225
221 0 225
220 0 225
219 0 225
218 0 225
217 0 225
216 0 225
215 0 225
214 0 225
213 0 225
212 0 225
211 0 225
210 0 225
209 0 225
208 0 225
207 0 225
206 0 225
205 0 225
204 0 225
203 0 225
202 0 225
201 0 225
200 0 225
199 0 225
198 0 225
197 0 225
196 0 225
195 0 225
194 0 225
193 0 225
192 0 225
191 0 225
190 0 225
189 0 225
188 0 225
187 0 225
186 0 225
185 0 225
184 0 225
183 0 225
182 0 225
181 0 225
180 0 225
179 0 225
178 0 225
177 1 226
176 0 226
175 1 227
174 0 227
173 0 227
172 0 227
171 0 227
170 0 227
169 0 227
168 0 227
167 0 227
166 0 227
165 0 227
164 0 227
163 0 227
162 0 227
161 1 228
160 0 228
159 0 228
158 0 228
157 0 228
156 0 228
155 0 228
154 0 228
153 0 228
152 0 228
151 0 228
150 0 228
149 1 229
148 1 230
147 0 230
146 1 231
145 0 231
144 0 231
143 0 231
142 1 232
141 0 232
140 0 232
139 0 232
138 0 232
137 0 232
136 0 232
135 0 232
134 0 232
133 0 232
132 1 233
131 0 233
130 0 233
129 0 233
128 0 233
127 0 233
126 1 234
125 1 235
124 0 235
123 0 235
122 0 235
121 0 235
120 0 235
119 0 235
118 0 235
117 0 235
116 0 235
115 1 236
114 0 236
113 0 236
112 0 236
111 0 236
110 0 236
109 1 237
108 1 238
107 0 238
106 1 239
105 1 240
104 0 240
103 1 241
102 0 241
101 1 242
100 0 242
99 0 242
98 0 242
97 0 242
96 0 242
95 1 243
94 0 243
93 1 244
92 0 244
91 0 244
90 0 244
89 0 244
88 0 244
87 0 244
86 0 244
85 0 244
84 1 245
83 0 245
82 0 245
81 0 245
80 0 245
79 0 245
78 0 245
77 0 245
76 0 245
75 1 246
74 0 246
73 0 246
72 1 247
71 0 247
70 0 247
69 1 248
68 0 248
67 0 248
66 0 248
65 0 248
64 0 248
63 0 248
62 0 248
61 0 248
60 1 249
59 0 249
58 0 249
57 0 249
56 0 249
55 0 249
54 0 249
53 0 249
52 0 249
51 0 249
50 0 249
49 0 249
48 0 249
47 0 249
46 0 249
45 0 249
44 0 249
43 0 249
42 0 249
41 0 249
40 0 249
39 0 249
38 0 249
37 0 249
36 0 249
35 0 249
34 0 249
33 0 249
32 0 249
31 0 249
30 0 249
29 0 249
28 0 249
27 0 249
26 0 249
25 0 249
24 0 249
23 0 249
22 0 249
21 0 249
20 0 249
19 0 249
18 0 249
17 0 249
16 0 249
15 0 249
14 0 249
13 0 249
12 0 249
11 0 249
10 0 249
9 0 249
8 0 249
7 0 249
6 0 249
5 0 249
4 0 249
3 0 249
2 0 249
1 0 249
0 0 249
