250
19000001 姜菊天 136 136 142 288 
19000002 崔舒宣 110 114 90 208 
19000003 罗佳娣 26 9 3 34 
19000004 卢子林 128 133 139 280 
19000005 杜晓悦 52 61 58 116 
19000006 石影承 88 78 79 240 
19000007 汪瑶玉 108 89 99 204 
19000008 乔榕羽 106 113 119 232 
19000009 毛寒筠 115 118 84 166 
19000010 尹雅雄 70 45 63 100 
19000011 林明林 81 114 111 228 
19000012 尹沅文 128 140 129 266 
19000013 姜光玉 78 86 103 158 
19000014 龙贞翠 114 93 116 180 
19000015 周林婵 45 49 53 146 
19000016 夏侯林筠 117 126 121 282 
19000017 朱德伊 134 138 136 280 
19000018 尹民逸 72 70 75 138 
19000019 赵新菁 66 72 55 94 
19000020 张菲惠 77 122 81 228 
19000021 陈菊沅 145 143 141 282 
19000022 何冰荔 82 64 77 134 
19000023 邵龄瑞 105 103 76 158 
19000024 侯枫薇 31 42 21 52 
19000025 史昭琦 114 84 76 242 
19000026 梁宇影 41 61 74 154 
19000027 廖华纯 56 54 63 158 
19000028 崔文尧 5 25 33 40 
19000029 徐尧依 106 121 107 208 
19000101 萧明静 92 93 112 180 
19000102 王蓓冰 113 112 78 226 
19000103 张霄洋 112 111 87 210 
19000104 徐影莉 113 116 82 158 
19000105 白峰 77 116 110 210 
19000106 阎兰涵 37 56 61 82 
19000107 薛枫军 122 118 124 258 
19000108 欧阳娴思 128 132 132 282 
19000109 李融荣 121 132 117 252 
19000110 熊璐 100 87 77 204 
19000111 吕龄哲 48 52 46 110 
19000112 李筠宜 113 109 104 208 
19000113 尹倩逸 50 61 54 82 
19000114 许雪慧 68 49 73 92 
19000115 侯铁珊 67 51 66 142 
19000116 毛琪妍 82 106 95 240 
19000117 叶容萱 36 38 25 78 
19000118 侯钢蕊 133 142 138 252 
19000119 史丞桂 40 82 41 164 
19000120 夏凤荣 16 42 37 54 
19000121 黎峰 70 56 54 94 
19000122 许菲林 82 95 118 164 
19000123 史平可 38 49 82 164 
19000124 傅莉承 91 109 114 172 
19000125 黎璧颖 20 30 21 24 
19000127 谭宸晨 105 93 120 240 
19000128 丁琪苑 77 91 117 212 
19000129 赖晴薇 77 118 104 172 
19000130 陈纯珍 119 84 101 194 
19000201 蔡秋欢 44 69 82 118 
19000202 贾芳彤 79 81 105 180 
19000203 孔荷芸 122 134 117 248 
19000204 贺娴凌 136 141 116 262 
19000205 丁婉亦 79 99 95 176 
19000206 孔棠昊 40 39 16 14 
19000208 龚下君 82 91 104 226 
19000209 周洋函 39 71 49 104 
19000211 龚丹思 74 48 82 108 
19000213 邵渊艺 78 77 91 156 
19000214 江东 140 125 136 260 
19000215 江凡 113 91 107 190 
19000217 秦琦毅 99 78 84 154 
19000218 王竹亚 79 94 77 216 
19000219 尹文倩 139 133 122 262 
19000221 乔红卿 120 101 91 230 
19000222 程宣竹 120 121 91 226 
19000223 许君尧 139 132 124 272 
19000225 西门卫恒 125 126 117 238 
19000226 范婕英 122 125 123 248 
19000227 薛勋 79 74 46 114 
19000228 郭雄淳 127 116 133 244 
19000229 吴婉羽 55 70 65 86 
19000230 黄泽洁 118 85 97 232 
19000302 崔融 70 59 56 122 
19000303 邓雁 38 81 81 88 
19000305 邵华婷 83 89 104 178 
19000306 夏侯晨勋 47 74 55 164 
19000307 程佩中 83 122 89 160 
19000308 石馥凌 141 139 142 296 
19000309 范乾玉 122 122 90 192 
19000310 万卓春 122 140 123 278 
19000311 宋竹 108 85 107 158 
19000312 邹依宜 67 47 36 120 
19000313 张欢昕 146 144 139 288 
19000314 顾淑乔 77 82 69 150 
19000315 曹栋巧 99 112 89 220 
19000316 廖妍娥 123 131 120 256 
19000317 潘爽淇 56 63 73 94 
19000319 孟雅恒 124 128 124 276 
19000320 金莲蓓 122 122 118 258 
19000321 梁光竹 73 37 63 142 
19000322 顾昭彤 91 82 120 188 
19000323 丁玉贞 97 98 98 194 
19000324 吕泉平 122 118 120 260 
19000325 冯洁月 127 117 117 280 
19000326 东方怡聪 128 135 126 256 
19000327 彭可菊 86 114 76 236 
19000328 武枫瑞 42 36 29 68 
19000329 孙乔竹 31 10 19 0 
19000330 林茹哲 22 15 42 26 
19000401 彭冰 82 108 93 206 
19000402 徐婉钢 135 123 131 248 
19000403 姜华萱 135 135 126 246 
19000404 杨昱 96 86 117 166 
19000405 任丽韵 87 98 79 216 
19000406 高毅依 133 135 123 284 
19000407 吕宇燕 130 132 129 242 
19000408 程弘依 49 80 36 74 
19000409 任江勋 56 75 42 128 
19000410 钟珊昊 117 119 118 264 
19000411 江渝琳 120 91 77 202 
19000412 熊玲 119 122 116 216 
19000413 石婵娅 25 11 34 14 
19000414 冯韵莎 98 97 77 210 
19000416 韩富栋 134 141 121 268 
19000417 卢韵乾 121 95 93 242 
19000418 东方淇柔 81 106 107 240 
19000419 唐和 52 78 36 114 
19000420 侯馥生 116 111 109 204 
19000421 毛霞飘 31 32 22 16 
19000422 胡莉琴 121 137 130 246 
19000423 丁东义 94 82 108 172 
19000424 林妹竹 108 110 91 164 
19000425 龚娟 129 140 134 246 
19000426 范函丹 0 28 37 60 
19000427 卢雁雪 72 57 77 144 
19000428 郝尧英 128 122 142 240 
19000429 汪雅茗 133 141 120 236 
19000430 张菱彤 111 113 90 240 
19000501 漕咏哲 74 43 52 164 
19000502 彭清 40 71 62 98 
19000503 王贞薇 100 76 84 236 
19000504 文信蓓 42 48 36 104 
19000505 王珠瑞 116 130 131 240 
19000506 贾佳涵 97 76 119 208 
19000508 徐涓香 138 131 127 260 
19000509 钱宇珊 110 102 102 154 
19000510 曾彩艳 76 77 113 200 
19000511 宋雅洁 93 76 103 184 
19000512 龙菁勋 81 117 108 216 
19000513 姜德杰 66 42 79 128 
19000514 袁洁乾 130 126 116 266 
19000515 田希吉 114 107 86 214 
19000516 石海凤 136 126 139 250 
19000517 尹锦丹 65 65 40 128 
19000518 姚毅榕 76 94 103 222 
19000519 段环承 119 126 141 276 
19000520 高翠 41 13 6 66 
19000521 廖亚峰 92 99 96 188 
19000522 宋冰琰 94 122 101 218 
19000523 宋君钰 129 121 117 252 
19000524 吴彤天 30 1 20 64 
19000525 邵霭 46 64 77 78 
19000526 武钰 126 118 135 280 
19000528 顾信峰 84 121 90 164 
19000529 郑霭妹 50 40 72 158 
19000530 石梦澜 118 120 122 240 
19000601 赖筠悦 24 2 35 32 
19000602 西门琰岚 79 95 101 204 
19000603 袁沅哲 121 125 134 254 
19000604 黄欣聪 82 115 92 226 
19000605 戴淇纨 52 57 80 142 
19000606 张枫欣 82 119 107 226 
19000607 蔡乐琴 98 89 122 164 
19000608 沈佑彩 17 35 8 82 
19000609 史妤 87 103 100 184 
19000610 蔡佳薇 115 93 116 206 
19000611 杜莺容 107 76 118 202 
19000612 汤芝菲 93 107 100 184 
19000613 黎可黛 33 27 24 64 
19000614 江爽勋 67 38 70 96 
19000615 萧茗艺 42 73 70 102 
19000616 尹逸慧 40 55 72 82 
19000617 易雅纨 12 41 19 34 
19000618 万梅莺 113 83 113 174 
19000619 魏倩岚 116 137 138 238 
19000620 夏纯圣 149 140 142 286 
19000621 吴芬梦 133 120 118 260 
19000623 廖璧林 50 79 59 98 
19000624 石凌康 117 78 104 162 
19000625 孔嘉 1 21 17 30 
19000626 苏宸佳 109 117 102 230 
19000628 朱君洁 75 47 54 146 
19000629 熊霭颖 69 64 51 96 
19000630 武茗 79 59 64 142 
19000701 阎美 41 56 53 108 
19000702 漕亚琬 78 110 116 164 
19000703 范娴玲 76 70 61 136 
19000704 万婉尧 116 135 136 264 
19000705 吕伊林 98 103 84 154 
19000707 朱琳凌 149 146 143 298 
19000708 任欣 56 40 79 144 
19000709 徐黛君 38 46 63 104 
19000710 何柔 125 130 123 280 
19000711 熊萍峰 90 105 91 162 
19000712 谢渊泉 66 68 43 164 
19000713 阎姬佑 107 101 107 190 
19000714 罗韵欢 87 84 93 168 
19000715 邓婷婕 118 78 114 202 
19000717 张亚淑 102 110 120 212 
19000718 常鸿惠 85 119 115 174 
19000719 上官莉勋 140 118 124 272 
19000720 邹龄琦 114 112 78 244 
19000721 秦浩媛 142 141 131 270 
19000723 冯霞春 97 115 102 238 
19000724 龙琪丞 53 36 55 80 
19000725 戴婕宜 128 122 131 240 
19000727 邱美梦 41 34 10 76 
19000728 汤欢婉 50 66 56 112 
19000729 傅嘉珍 28 11 19 50 
19000730 田月华 115 76 110 234 
19000802 郭蕊智 79 116 85 230 
19000803 张洋彤 41 36 69 134 
19000804 萧渝贞 37 10 14 14 
19000805 文枝莉 88 120 117 198 
19000806 乔凌艺 71 70 64 104 
19000807 西门尧泉 115 78 86 244 
19000808 袁洁莺 129 139 139 234 
19000809 侯姬英 51 43 72 156 
19000810 赵德颖 55 51 67 148 
19000811 阎枝玲 116 116 117 230 
19000812 蔡博嘉 136 130 138 258 
19000813 孙昭琦 106 78 110 182 
19000814 吴乾洁 97 87 112 220 
19000815 孙羚 45 42 71 140 
19000816 侯琼珠 25 22 13 72 
19000817 魏君芝 91 120 105 172 
19000818 傅民东 127 123 138 244 
19000819 马韵红 119 142 142 252 
19000820 丁梦栋 122 138 136 232 
19000821 胡沅黛 97 118 101 210 
19000822 夏侯宸弘 116 76 76 212 
19000823 康琳德 124 125 133 258 
19000824 邱筠璧 121 120 139 242 
19000825 徐静蓓 58 55 40 72 
19000826 宋亦纯 101 83 83 198 
19000828 蒋馥梦 122 120 116 196 
19000829 武含晶 85 92 101 240 
19000901 顾容沂 120 118 125 246 
19000902 戴康新 95 79 95 238 
19000903 范蕊爱 92 105 120 156 
